0 0.71015625 0.69609375 0.0890625 0.1046875
0 0.66171875 0.49375 0.040625 0.05546875
0 0.61171875 0.42734375 0.040625 0.04921875
0 0.68828125 0.43671875 0.04609375 0.04609375
0 0.8359375 0.50625 0.0671875 0.05859375
0 0.971875 0.66875 0.05625 0.09609375
0 0.7171875 0.3875 0.03828125 0.03671875
0 0.63046875 0.3734375 0.03671875 0.04296875
0 0.89375 0.4078125 0.04296875 0.04765625
0 0.81953125 0.375 0.04140625 0.04296875
0 0.92109375 0.35 0.0390625 0.04609375
0 0.778125 0.33984375 0.03359375 0.03359375
0 0.7390625 0.31875 0.03125 0.03203125
0 0.8484375 0.3515625 0.034375 0.03125