0 0.35859375 0.81796875 0.0875 0.15703125
0 0.4390625 0.55390625 0.059375 0.0984375
0 0.3484375 0.49296875 0.05 0.07890625
0 0.37578125 0.40078125 0.040625 0.06953125
0 0.3484375 0.31328125 0.03671875 0.06484375
0 0.415625 0.3625 0.03984375 0.04609375
0 0.40390625 0.2859375 0.028125 0.03515625
0 0.2125 0.278125 0.02421875 0.03125
0 0.3140625 0.25 0.028125 0.04609375
0 0.96015625 0.72890625 0.07890625 0.128125
0 0.70234375 0.525 0.071875 0.09296875
0 0.646875 0.40625 0.053125 0.06171875
0 0.55078125 0.36484375 0.0421875 0.05078125
0 0.48515625 0.3 0.02578125 0.03515625
0 0.5421875 0.29921875 0.02890625 0.03125
0 0.496875 0.26640625 0.0171875 0.0296875