0 0.10703125 0.81796875 0.04921875 0.04609375
0 0.209375 0.78515625 0.0484375 0.04609375
0 0.275 0.7484375 0.04140625 0.03984375
0 0.328125 0.740625 0.02421875 0.03671875
0 0.4875 0.91328125 0.05 0.0953125
0 0.45234375 0.7296875 0.0296875 0.05859375
0 0.4984375 0.80390625 0.03359375 0.05546875
0 0.475 0.62734375 0.0359375 0.07265625
0 0.44296875 0.68359375 0.01875 0.03125
0 0.35234375 0.6296875 0.01484375 0.028125
0 0.46484375 0.671875 0.021875 0.03203125
0 0.43359375 0.6421875 0.01640625 0.028125