0 0.4546875 0.83828125 0.1375 0.21640625
0 0.51328125 0.44296875 0.0671875 0.0953125
0 0.278125 0.346875 0.05390625 0.05546875
0 0.06484375 0.3140625 0.0265625 0.03828125
0 0.3015625 0.2734375 0.04375 0.04609375
0 0.16484375 0.26953125 0.04140625 0.04140625
0 0.1734375 0.225 0.02421875 0.04609375
0 0.2484375 0.23359375 0.03203125 0.03203125
0 0.5515625 0.35390625 0.0578125 0.06640625
0 0.7578125 0.4984375 0.078125 0.08984375
0 0.8734375 0.47578125 0.08671875 0.08828125
0 0.61640625 0.29296875 0.04921875 0.05546875
0 0.5078125 0.27421875 0.05 0.04765625
0 0.36484375 0.240625 0.03203125 0.03671875