0 0.609375 0.8609375 0.121875 0.1640625
0 0.84375 0.721875 0.1171875 0.16171875
0 0.684375 0.53125 0.065625 0.08359375
0 0.5265625 0.553125 0.0671875 0.0875
0 0.37578125 0.640625 0.07109375 0.08359375
0 0.29375 0.66171875 0.06953125 0.084375
0 0.2140625 0.640625 0.06484375 0.11484375
0 0.30859375 0.44921875 0.0390625 0.04921875
0 0.41015625 0.44609375 0.0421875 0.0671875
0 0.50546875 0.47890625 0.05234375 0.0609375
0 0.21328125 0.38203125 0.0234375 0.03984375
0 0.17578125 0.37109375 0.02265625 0.028125
0 0.2359375 0.3671875 0.0234375 0.0359375
0 0.3453125 0.38046875 0.02421875 0.03046875
0 0.51328125 0.371875 0.03671875 0.03203125
0 0.45859375 0.34765625 0.0359375 0.03671875
0 0.4125 0.33046875 0.03671875 0.03203125
0 0.37890625 0.3625 0.03203125 0.0453125
0 0.30625 0.34765625 0.02265625 0.03203125
0 0.28359375 0.32578125 0.021875 0.02890625