0 0.50234375 0.4546875 0.065625 0.1046875
0 0.721875 0.34765625 0.04921875 0.0765625
0 0.47109375 0.22109375 0.02734375 0.0453125
0 0.68828125 0.15859375 0.0328125 0.09296875
0 0.72265625 0.21484375 0.025 0.040625
0 0.60859375 0.171875 0.02890625 0.0421875
0 0.72109375 0.16796875 0.021875 0.03203125
0 0.65 0.17109375 0.0296875 0.040625
0 0.50859375 0.13515625 0.021875 0.02890625
0 0.4734375 0.18359375 0.034375 0.03828125
0 0.63515625 0.13125 0.01875 0.03203125
0 0.71953125 0.1140625 0.021875 0.03828125