2 0.403125 0.70234375 0.0875 0.13359375
1 0.3359375 0.57265625 0.071875 0.10625
1 0.509375 0.684375 0.08671875 0.1765625
2 0.24375 0.39453125 0.0625 0.071875
2 0.58671875 0.34453125 0.04296875 0.0609375
2 0.53828125 0.31796875 0.0359375 0.05625
3 0.121875 0.36796875 0.06640625 0.11328125
2 0.4046875 0.29296875 0.04140625 0.04375
2 0.63359375 0.28828125 0.03515625 0.046875
1 0.68515625 0.290625 0.03515625 0.06796875
2 0.71171875 0.1953125 0.02421875 0.0296875
2 0.7453125 0.296875 0.0328125 0.04453125
2 0.634375 0.2359375 0.02890625 0.03515625
2 0.02109375 0.6328125 0.0390625 0.1265625